<?xml version="1.0"?>
<opencv_storage>
<calibration_time>"Wed 31 Aug 2016 12:33:37 BST"</calibration_time>
<nr_of_frames>41</nr_of_frames>
<image_width>1600</image_width>
<image_height>1600</image_height>
<board_width>9</board_width>
<board_height>6</board_height>
<square_size>25.</square_size>
<fix_aspect_ratio>1.</fix_aspect_ratio>
<!-- flags: +fix_aspectRatio +fix_principal_point +zero_tangent_dist -->
<flags>6158</flags>
<fisheye_model>0</fisheye_model>
<camera_matrix type_id="opencv-matrix">
  <rows>3</rows>
  <cols>3</cols>
  <dt>d</dt>
  <data>
    1.6523377095739027e+03 0. 7.9950000000000000e+02 0.
    1.6523377095739027e+03 7.9950000000000000e+02 0. 0. 1.</data></camera_matrix>
<distortion_coefficients type_id="opencv-matrix">
  <rows>5</rows>
  <cols>1</cols>
  <dt>d</dt>
  <data>
    -1.9494404472059521e-01 2.9965832643639467e-01 0. 0.
    -3.4329528058097419e-01</data></distortion_coefficients>
<avg_reprojection_error>1.3556446211452879e+00</avg_reprojection_error>
<per_view_reprojection_errors type_id="opencv-matrix">
  <rows>41</rows>
  <cols>1</cols>
  <dt>f</dt>
  <data>
    1.58382609e-01 1.58668593e-01 2.46474415e-01 2.38488287e-01
    1.32847384e-01 6.55874968e-01 9.64701533e-01 5.36911249e+00
    4.74860996e-01 3.02769661e-01 1.67523563e-01 3.43832493e+00
    4.44494367e-01 5.33076048e+00 1.91605553e-01 2.03626037e-01
    1.88438833e-01 1.67367086e-01 2.47863188e-01 1.85799107e-01
    1.92451879e-01 1.57340318e-01 2.55617589e-01 2.18808740e-01
    1.81619152e-01 2.03115299e-01 2.75727183e-01 1.95106819e-01
    2.01346278e-01 1.91215709e-01 1.86894909e-01 1.69526622e-01
    2.00663283e-01 2.26504892e-01 1.70581901e+00 4.39502001e-01
    3.06567490e-01 2.14215219e-01 9.32336003e-02 2.49298677e-01
    2.14515969e-01</data></per_view_reprojection_errors>
<extrinsic_parameters type_id="opencv-matrix">
  <rows>41</rows>
  <cols>6</cols>
  <dt>d</dt>
  <data>
    2.4441212283915138e-02 8.1883073597398082e-01
    -1.1560563235446976e-01 2.2482190569843087e+02
    -2.8983747889236275e+02 1.5491468583367969e+03
    -3.8774899776731309e-01 8.0212770546538337e-01
    -8.8551774680942219e-01 2.6215793976207453e+02
    -7.7825813129278913e+01 1.5915905397742049e+03
    -1.0199278160967982e+00 8.4107640690992247e-01
    -1.3710445529217952e+00 4.1603081234220031e+02
    -8.1858664107047154e+00 1.4094737812004880e+03
    1.2389345062365569e+00 4.8598620073885762e-01 1.9951806003894466e+00
    2.5290666030668399e+02 -4.8826603429254476e+02
    1.3406814124120949e+03 5.7185952523160022e-01
    -7.1188056560566748e-01 -1.4904537010820669e+00
    -4.4576205647593576e+02 1.3354700711054471e+02
    1.3094493358526674e+03 8.3989678392693501e-01
    -6.6191005440615913e-01 -1.1589245664660119e+00
    -9.2689722326186882e+02 8.1533792706719964e+01
    2.2516717855315596e+03 1.5058764018134324e-01
    -1.1387425566139520e+00 -6.2777278755822419e-01
    -8.9674527361455455e+02 -4.4948438760885896e+00
    2.0935631975772098e+03 -1.3173872146408059e+00
    -2.0305564143906055e-01 -7.2593576748191363e-02
    -9.5280018956935919e+02 8.9301052988325694e+02
    2.3131883122237182e+03 -9.4317131698485102e-01
    -8.5992316366384891e-01 -4.0072964918407772e-01
    -8.2178219328237367e+02 9.0039828019731840e+02
    2.1447903619680746e+03 -5.6260573704096262e-01
    -8.2008527093780470e-01 -1.0747857198763113e+00
    -1.0545964682093118e+02 8.5557128024022268e+02
    2.1655409242601895e+03 -6.0797000660807669e-02
    -1.1782953033501486e+00 1.5260871781629718e-03
    -4.9250028671833019e+02 -5.7232575656989404e+01
    1.1924522538959266e+03 1.1560040198110309e-01 9.2230307886410312e-01
    -1.1345632772462595e+00 8.3107461032792401e+02
    8.8317841050438790e+02 2.2897183770661177e+03
    -1.5450710786322510e+00 4.1037085441853104e-02
    -1.6960475459142477e+00 8.4060594127815193e+02
    9.9337808759269672e+02 2.0874990778733168e+03
    -1.7013295504042369e+00 -1.1514932368291729e-01
    -2.4899261050538919e+00 7.5108756694169722e+02
    5.3792977585005346e+01 2.1422448731891091e+03
    -1.4984408605053684e-01 -1.2228979999500618e+00
    7.0674992509459034e-01 -4.7947807978774370e+02
    2.3613077857327674e+01 1.1909373897853652e+03 1.8131496861994797e-01
    -5.4405813864755381e-01 7.1126360650629872e-01
    -1.8353395656949724e+02 -4.2039762894517821e+02
    1.0181271540090827e+03 7.6320793537243292e-01
    -4.0016903563216671e-01 6.5642838218875899e-01
    -1.8968530672790354e+02 -4.2194188729039968e+02
    9.7719969527359558e+02 4.0775359859903759e-01
    -1.0776889229854794e+00 5.6931480253282141e-01
    -2.0020049634089449e+02 -4.3178968103111322e+02
    1.0282715389937498e+03 -2.2169533739572636e-01
    -2.7278095230234639e-01 -2.2779706407992822e-01
    -1.9097208627299861e+02 2.5772888763467472e+02
    1.0470403776477560e+03 -1.0274244258515011e+00
    -1.7710230498858490e-01 8.8884118814243143e-02
    -1.6976659296048109e+02 3.0099226091976908e+02
    1.1155741108577799e+03 -9.1073026338598861e-01
    -8.3099788730611712e-01 -4.5001784021718227e-01
    -2.3679806265415405e+02 2.9497368340141639e+02
    1.0218097522009806e+03 -4.7125182840130608e-01
    -3.5756247436411220e-01 -2.2528330425258662e+00
    1.0551299564032217e+02 3.5178796040927659e+02 1.0345551200408565e+03
    -3.2799571960740959e-01 -1.5667034641605815e+00
    -2.0498387071903577e+00 1.3237098922373946e+02
    3.2728593996115211e+02 9.5712994950931011e+02
    -1.5397920805963592e+00 -5.8132012374786957e-01
    -1.9157010199682829e+00 1.4883907906171416e+02
    4.0531785039321767e+02 1.0421814563855169e+03 1.5676286501320613e-01
    -5.3297191252367382e-01 -3.0470862112736596e+00
    -9.4269557097483769e+00 3.6270175815250957e+02
    1.2922416175616579e+03 8.0056207752859743e-01 2.0984471399635063e-01
    3.0260497380724503e+00 2.7140139567329157e+02
    -3.0953321041982573e+01 9.3263122078721722e+02
    1.0018941062056468e+00 1.1678201182511709e+00 1.8907726013043953e+00
    3.1404877549607949e+02 -9.8538520988178931e+01
    9.0730819516591305e+02 -8.9722843679086806e-01
    8.2316376801135904e-01 -2.1805683501202968e+00
    3.1150712985747373e+02 -5.2685344705556368e+01
    1.0074757567492532e+03 2.4038425732481528e-01
    -1.1538774495506002e-01 2.2032660242619264e+00
    8.8721279643006866e+01 -3.0026733764060805e+02
    1.0767410459503619e+03 1.2316452205142350e+00
    -8.4915687211022384e-01 1.6879413505674110e+00
    2.4189801525842643e+02 -3.2519224903169896e+02
    1.0185415428381182e+03 -7.5701214546533627e-02
    -4.9461622558245016e-01 2.4005112520894190e+00
    -1.0674081724076359e+01 -2.1243666241016064e+02
    9.4995744468273881e+02 2.1909253803935466e-01
    -9.5545822558709403e-01 1.6548512485143214e+00
    -3.6296463767012092e+01 -3.2532439078261433e+02
    9.5019144509504235e+02 1.1296260249174372e+00 9.6163384300230181e-01
    -2.3049894857490907e+00 -2.2147993127483818e+02
    -1.4383850274015438e+02 1.1532190144596368e+03
    -4.0593718496190090e-01 -6.4854330845479025e-01
    2.7834134060405566e+00 -3.7190952332146161e+01
    2.6391675678696492e+02 1.3607235831021680e+03
    -7.3198299775104309e-02 2.4887478778816816e-01
    6.0453789706539252e-01 -2.6326717688933055e+01
    -1.3043658430676717e+02 5.0046537559974996e+02
    -5.4986420446780326e-01 -7.6323148440007385e-02
    1.0885211996756943e+00 -2.1609902886735859e+00
    -7.5812083401507337e+01 5.3694874710451029e+02
    9.8171096945116623e-02 -4.9573778408715558e-01
    8.1862018096064615e-01 -4.4539881935797631e+01
    -1.0705514569663690e+02 5.1153708098901575e+02
    -9.8502086757489582e-01 -1.0336424327340556e+00
    -2.6184021970196665e+00 4.7210030689290052e+00
    3.8230541413804383e+02 1.2463978235373004e+03 5.6350123738281088e-01
    4.8372992501172174e-01 2.5460019599125978e+00 4.9349213206229081e+02
    3.7738749082251331e+02 1.3674863129462406e+03
    -4.5634433836075938e-01 7.4967472712925742e-01
    1.0972011857014363e+00 4.9655613852347824e+02 2.9423604866113550e+02
